800500010530090070010000000090002003000000605160003890900030708000000060080000000
085000040000000600409060003200600907307900005000000008900008020562000009003000500
000008603020570018005100009007006000000090000000000020016009032800010065500000080
008519300000002000700000080000430070040001009500000820000300001000020090070008450
170002000400000006003000007006030082090047000000900300002089000000000000630021000
029800700006000509003760000050300000000298000000000301000016000010970005790500000
000000070006700002020030890000000010300000009760040000090064001041000030002083006
010005070062700109040030002900370000350162000000000000000000000020003094000000701
006000089000003540000000000000002000000900216850040030080520300009000100103009060
640008000000004320023057000005000000060520100080003000050000000830046000000870001
650201000100080009023007000270009000030800070506002000000000005000935080860010000
002700410009030608000004009020000073030108006046000900000000002180203007000000000
000060903010790005230500010000000000060030040050000000500400200004007106000652000
000000800800069052005021740690000000000010005001700460907500604006000000580000000
050010030000049600000700108300400005070003904900850360000006807001000000000300000
000600000004120905960080120640900500010008007502010000051000009000007000890000000
020000080087032061603005000310026000709000000000000000201060709070090035005000000
078000020231080450400000000005093802020570309000801000300000100084000000510007000
200490050900000802004708900000000000046000030500000290000000473037000060000040500
030680010000020907000001000009207530000000020800035100008003000070800351000700060
600079810000050030000801090080102005016500083300700200000000000001600000002000000
700500000000600000480003500008950060905301400000047000030470000100000008500030700
009010000000003001050098000004002700001000300000009408500080090007030000012704005
500000004700001000000000000000200050010053070005060402004036200270100360603009500
300020950000603007108570203030800560007000000090201708000050000000002000000010009
040500680031006092000210000000000040600000800000020000409000000800100050012030009
000000000105007002307090508070200009420738000508009000032000000900475000700000000
709000610062000800000000004000008023940230001070046980800000000601020000020000090
900086400000009361200100000010000000000000803020000605050004000830000904090603020
009010006300070052542006000005060010700000900016090045150000000020300000000000700
010460000000070200000205030090000000741000900000750000030900005059041060027000010
000070090800400002000000500200500600100007900070840010060280004000004060000610270
000300097000000000000000400075610003010000040309702100100530029900100300007200006
005908000000405000010000000600040500901002006020000004000031609000500032000026048
508137026009080105020500000700000000100000000000900800000009003007306500205070000
500100000300205009100469300003000756000090000000000030701000090000040001405903620
490003000350670002007000300970036510000400700000500420020194000600005000000000000
630008090801460520004900000000000000080000050000300080300024100056030200000091000
850900006370000000000002000007268509600005304090403000740506000060000000508300000
080030000703504908000007150017000000604000000030040000000005060849600010070300000
010000000590006100483000000000560040000001030300490807908000300070100000000000500
210900007950178600060000900070210000000800000000060000001600250480700009500000408
530000000010030940200180503000041600009500020006003091000200000020650008000000000
080305002020901050300008090600100000008600000017080600750003000003200000962000000
008316020702809000300750090000000000000108370000500010000000000267903050050000237
100000060720030019006002703004007001005000400000020007000073096000090000000006200
300000281000000600241800009060008900405910300010000050000000000000003000958002400
000710000000000079010503008402030807109800050300000900570000000004000005000000430
520000706094000080070005002000060010600294000000800000000600005100902000080047000
200000000000000000007080050050060200308000010400001600005310080610007004020405006
207500300010006000000000540300000057052680001600000004004000000803010020000000108
001000500090006002302000009000010306000000040869000000205000000003002960080043105
010800000000000005207003100060047001002030040003120800000900504000000020000200900
260013000087000106000000000390002008016009200070080009001000300924000600000000097
060050000000083500000609070050006700800020069090040850030000200000900087000075304
260000300007003000005000680070208000003059000000000000050001000301860209020035860
008000000301007804720000000102000007004000000070100980085049000400503000000020090
075000000930400000000000020050007080040003072002051930400900000080000010001780000
000000002000000800030080704410020600870004020052000043000008531000050006620031070
002000300310500900804037005030090080400000000020000000250040010000001070007083500
001070000000019820002300000504780030000000004070001908010000000003400001007000003
030090004000000026000010900000000400096020100014009257703000000040001000960002073
100000700806074000400230080000000900000003060000068200070620091010000400908000026
007200400030000027000006000700034000000601830004008600290140300000000000000009180
040096000100840000000213009000002080062008350408000600000520000050000006000000004
009020600030090000600000107000041000001036002000000000203080040807009301004002080
060490017001500400590000060010900830047001090600003005400000000000010000000000600
900032510040901600020705390000000200000100030004000000390607050005040070000300900
008052074000100065200003000803040000000000000000000810000604083000030000060020750
002000806090020003308096051000000000005000008000070000003060007900708005800035019
090070000500694001040001750000008002000000000000900500905807104001050200670400080
009003000000050000807020000502030008000000070000084056003007900005000040000640302
000098005000500000504067089000805700000310000080040090700004016900000050000970004
000480000760000000004001000930670804007010003000050016016000000400305000008000060
006000008020005039095020601000000100000060003010030000009006200051097006003210800
060800030080007960000003050430020007007005000090040000908450000000030000320000000
007600003100000096003001087271050000000902000009300060008500000000070032000093000
004000609936208700010004000082009000000000970307000021000000000200040863060000490
020700030000000000395004000450300000800000000007500004080090000070102083000403100
180900620600004001000005093250000000004100030000403000000201500002000000060390000
000000000000003000014500003050074100070020904020630500367009210090000000105000007
000401867000080000000003000000070400710030500000006100000609001100045690890000050
000071980008250107007006500400010800000000000000000200206800001701495600500000000
600000400010000005000000000428310700003500200000070004275006003060200040030085060
098000000000200091240070008481005000006000500000600040500000970004000160020000000
540780009009002084000000000820000030093060752600000900300020000000000600060000845
480067000903000000160598040000040900690870001740000306800004050000681000000000000
000000000000000040280050700090400075106900000800700200010000080000090460009061002
000030006302000705400500000000050602600400000814006000700201003000060000038007000
000050002130000074005000003204000905007000000008490700040005000000000001809010320
000050000000040000600003000028007509700000860000490007370006020005072600000000083
030070100076005000000082640604010000700006000051040000008000020517000000040050010
000032040000007105000040030089000570003980000004300200000014700100090000070000000
005010306000000000340602081000000702200407018030000500000500000000068000060024000
674900038090080027000000600000000000900050004000840003325000000048300060000007000
087000500010000009000000300100500907039000004800000006094008100000900060600730000
006024000000000000309050000600400500000308000000015902503200000100080630008009001
000002100080000360020000045410070800600003400000060200058031007060000001000000000
004085002200143008000600507500400000300006005046800071002010600803000000000000000
000000010000976000009000430000060080000104372000380190000009003060030200020741000
