100000070009030800004000000040700000798040000200000010002500091003084005500900000
000600803050000600080030000400805130060000000000390200000020060600051980024006000
308001000000000608470800009000007020010403006000902843040700000000100907700000002
000100200100027000000008405900800000003000000800705020570200001008043907000000000
000010000000200300800060710000000008000037100705082030063500900008006200120070000
000020000000105060109073080000010000000900006208007010000800050003000720065030090
061700000507406190009000000102960500006020004000000000204091000900500208000000000
000006030600001009000380700007060398801070065050009470000000003700040000900000000
005206000000050068800003000000009002309400005002805400000390070060000000074000000
093600000100000000405030010000000000200075009000900006320007100000200400007009050
040020000200908000000000360000000498000010700090300000006734901080001030000200040
340000600000040900020000301030610000000020000009000800000085000018900000000231004
084007095000000000700000400051006070029008000000900020000054210016002700400800006
001800030006000400008090007800200064100003090000600700000000900004000216009301000
700000300000790010000020900062000001504300700900500030000000006203900500006000400
700000000000000000000006900008000000614002300009301084030700406000400002006003109
018000000006091000920400000090800100000200600072009000501006080060900500700005004
000040701510090002008000300007000020900008000000200500150070034000000070034000100
008000000400010000000829000002068590007004800000000000000500740065000001004170208
005810900018503000003000000000000500030400000140009002200004006080105300001000200
006004000300000000905000204100003090060800000000419800008000049003000500001250008
000421500000809000000000000050000180028100076009000400001708059970004800006005004
000030027200000091006000008000000930009050000000082006080006010030000205170020000
200001000060090000051000000704000060023904701000700400092050000000607004100000506
000375080007468000000000000000004030206180000100003000408050060003000870071000005
006004072080000560000000000008102005000005208000700010020017900001090006090500080
780000009000890200000000004500726810000001000200040500178064000000000000965000000
000508000000010907001096080046001008075000004030000600000070360000800100004000005
050070006009000040072001008901250000005100000000080400006040590000920680000000000
630000058045006072070405300000500009007020065800000007000864000000200000000007004
600090004200800050900001800000000040480000100000200607002700400790000006001000900
078090000000400000109578000091000000500610040760000003000005000910040006345000700
035610908090050003100000002000030500000020006007006000000005000812390000000180009
700000382002000000010000090040003008000800007009001006300070000208000000006009400
008000000000308000037120000510000032000702901000010506000600109005000820080070000
000463080004020600000800500042000000000009076000530020000000809007900040605000000
000427003000030040000500000200006500300002006000080092000000480480060005750009000
534000000008000000120030005000000050900010003003000208000090006401080309090400502
000050007040000503900800600009070000070000000003519076300008005010000008508764009
000000030080301602000200800001600000906057200570100090000000300000010060029070000
920600010068000000510098700800060050000201000000050090090000005680475000000100000
600000075100760030047000200004050000203000000850002000000310008060800402000005000
005000000760000008080000700000000005006070001201049000090420050100080006400007800
000050900000607050059420061002000000406000007900000000007240600090700503003000200
160070004279000005003000000500600000002105007040000000300900001050000040000031076
000300000100005000032008970000700000003001008608520100001067000060000009007802006
702500310040000005100800760804300002500000000000040000200000003037000800480200601
000050903200308010000000006000080300801006000954103000000000009000062540602005008
020004030035060410100007506000000100000206080000000070006035847400000065007000000
005000030620001800010050002000000000000700005000038040760400020001060008800020007
000007000000106000006300080000200010801050700003000060002009078700003002500060190
600040000000000000780560000000000000850000940940800060460370180010690057009480630
168400020020086500003020000000000009009000000000050630600000302010004065900800010
002000009000009000004000810000007000100500007500010040000006020400900080706402150
000090014006000000005000000000049000600180000032500000500004098900300540800000106
509000800000084000030500160150030000000000030003670090480001000900860000006047000
001000600872000000600100000000000000205400070038052010047300050000040201100080000
649000000000004100008000000001300270890007000002000000100830090000200030024071608
090060025000250309060000800005000000003000400400580096000000080000490003000030014
689300700070000000050960008103000000006000907040009000800040000000070380004100000
700000000003009000009000450010637900504200360000004100090015030000006000005400290
003002870407000309002090005900800200000000010080001700000500900130209080000000001
350700069002000750000300480200070000508006000090080000060000094004030070820000000
800001504070000000050000381005000030032070000400000006100000050007006010000008603
060300050503106790810040006000800010600400500000059003000905080008000000000600000
405006003000003900000450000703000000086020000000074060000065800000000607500002000
001600000050000070090010030347009005020000600000000007719000040004053100002000000
000000000004610700700000200030150060010400020000037009943500000000000600061000500
000040020050000009000000030000000000000004908063050040004901052901600400620080000
000000000100080000006001075600007000045000000290000600070600042002809500000075910
000000200060051870280000001800105000003007000000069010007902050536000000000000000
900000004003006000050400908005000000000070030100300070000600105510090046070040090
000080030010006058000070000000094000480000006001000000030560900704900300008010070
008020003600030704103800005000260100000010670000000000000700000021004000007050830
000060120100000096007000005600850000000003052305091000000000000010700930903000200
000600000275000038006000790560000047002090500000800000890000002000700000024000903
100000009020507800030000040050000000301000087800040200004709005580200904007000000
100090508250401000003000010300502090001009002000106083600000030000200000904003000
800100000000005497000900060500040001608000000030000705401000000096031500000000000
000700402301004000000000015070000000000008100800001209008523071005007308000900000
008001062203000079600004100000016000000790086000200000002400090730000000001800020
480070031050210070000008000007001080000560000036002010021003000004000000000680000
000040000005209000910507000000002001073000090000980050040020700000103000020000000
020040030000700020053100400000830740004000600008007250000600100070002005000005000
090000100453000020701029340000006500620000000000017000000070000170093200502000600
000000200000060809000100506046050000005000070009786005002010000684000000900200000
080600200000000735000000006060000002009001507030000910006205000790000000800700603
008003920073010000009078500600000000005090008700086000102000759000000003007000080
600050740050079302040000900007000500300090600200103000000061000400205000000700000
000020060000300805050904000580410900006000000091600050020000030104208000030090001
403290008200005000009008000000009000007000065034060900000504002000000000008700409
007103000042000605015000070000300027500090100000000300400700560000960002009000000
800000070000005000900030805008004600005069000010350049000003100003140080000000006
070005006600008000130000008000200060000631000002070900720050010000900000089000700
009020000000000400050000029020800601000300508480601300600190000002000800840000000
400205300030004209705000000102000038000000004007000900500070803000001000004000725
004100050000020000100400000000080000000905010570000008090001060000006405602594080
000050004007041080000090503080000406004907050000000000100800000030600098000000130
000000030600050008000160020350070002070002801180000090000000000003900005800000906
000015006009780102040000000007000809080009004000070000000060040000108600058040290