001098006000000500050700410000000190006000072000002805094070000500204000007600000
004000000300270000000030410060001030050006000000000000906500004000010250000903007
000002000005700009320001400040500000000004200002000030003000890050037010100008000
200080000105006700000370600900005000062000000010900060809230000050008000700000980
002000000879103000010000000000070020047052081008010403000008200501000000004000030
010300040000059000009000000070400020100500003030200070800020010420900057093070000
090470000000500000007002000002005096080009000070000340023000005950000763006000800
200900000000407302080012050000380000805000030100000700041000000300000901009040070
097000065504000007060000000059020000076540009200600000025409610000000930001000700
090003005000001600000000000100020070020607490300500001740205000050149300000070000
000207006003000000050014020400000000070508001000000007000306074000000008600470350
001700000000000001300004000020000060015200700600008003200087040480050000030060208
600530000000004000400002067020000008000000402000000056106400075540360200003170040
007000400002000610069300008090700000008409000000008000400020000030000002200836904
270090005006000000008000247094000002000400000001000000000600510020000608010007900
000000807050730000000100360001406000000000080000007000300200706706300500020004001
507340000900051030004000100000065000060190003250000040020007000300000500700230000
100000203000600009045100000030002190070300002510000070000000006206503000000000400
004100000003070200910036700300080000870020360420009070100000600006003001000000000
056400021040000500012000700000001050000209000071350060000620970000000000005700200
000042000300001072040000005200605010000700000000008000600000030070030268001004000
003100005200003608000500403600000042700001506000000000405008000002050000071040000
670000000001000340004000100007500000000006002005020601000605409006001700900002005
052003000930001020001025090400030000000000008009000000008009600060400000003082100
000906000080000600040300780000060070060000409000104060000200040039000000000007102
000004000001850046023000050005708030230400000067002500000000000000000620000016070
090000003002050000060000050001000034006300002089000160005001000020000908000020410
000000080000608400006450070040000500200000067008200040100000000750020901020000000
080020740003570000005900032700002009090380000418050000000000500000000100020090000
800000072000039000056002009067020000000000286009000000003500060040000003900040008
000001090006302010240050000008000000300890000150000000430000900605010420002040508
700000000010009040405006000069200103000000500500013000000002000301465000024300007
810030000300050000090000040579000008001000090000000005007001060000063100000940700
480000000950600000000500200000000003007000405000800090540306007063049020700000060
000809000000047003400060000098000300701620890046100207000001000000402008000970002
040006030000800007750020810200063000507008340014007002000500060000000003000001070
000003905800020000001000800000549108000000020000630000040000050003290000020085060
000000700400007000003800000540716800060308002300002000000000000010005006080100350
000020003000800509603504008402000000000000070900000060504007200207060394000000000
003000007051000000020000000007034508580100700300005001090040002100007005002050480
706902850020054000000060001000000020008005000007000000014090000800000060605027004
060980005000002480002360000005641800000000050000003000020000000000410600600200039
650000000047000010000740090000010406060009100080000000000356700000007009800401500
010240000000000000205069007100400000800700209000085060000000000609107000700920500
043000060000300080000080000200508000030060000000070058000700003004050000960802070
000000007640050000000087040000028000018000000500004000070300864200000150060001300
006040903010000250300008004005489000009030008000000600523090000000250000000001000
000320060000008047020517830300401000000000000000760020800000000601200005050003000
002080004403000000850000600500000390000075000304000000060040008000000006700890402
004000000000500007005007209000020060002084305300000000000800090000093508060000070
000000120000020007004009000000002078000043001003068090310400060047000900206000403
300000026860000500074200800000002060008070435001000700000037000000000684000001000
000004020900000800400090500030002004506080000070340090000900006600008900000060007
000200000060000000008003720610300000002000360400028010000907003700012000091000080
002047000000000102700050000000010030000300518000400900000005420150003000200790000
003020080000039020000001000000108060502000000000200710001905072090670000805000600
000000000070020000000346000100094270300500090020000500200400010017000020050009740
000092005307600000000000040500000060000486000073050900000800796000000003000034020
804030000510002800270860501030000400000000002000700013600043050000200007000000600
003209004009003800800000003004000000000040900060178000400800230090602000071000000
080100000437500000200090740023000008000040200900000015090000080000002004005300000
000900070000002000720000009003107090000046380007080400100630000900000004000804006
030076900000251000000300000005020083000000000790038000810500700600002009300010200
000000000000100940300000008045029003802000000061080005086340150000000000100000206
370000100000000500658000049710000003590401600000000000001004800030006007000800060
090050270063001900005200010050100000000000000076000104010500700000000090304670500
000040005000000700600009034004007089050003100000094500800900600000005397000010000
000000000000042705001050064000009512100000900400020000000360000060004000004500390
500406127000000004020800050049005001800000000605000000090000000007004860056200400
070900052002008030000600087003005000001000000980000000300216900100030000025009000
080000000370200001400806500028700000000600803000004057000000000136000004000003000
827060000000380900000200000010070000002030010600400708460001000900700000008090600
009000503073009001460000007000001750005984000000005804000003000000690000000008610
600000000405030000000020003009000170000310604007906005700064050000100040000500200
085000000000000000100007300000000408000030006094005070400500900007008060601340700
600000040000000060000057003000071080000000302008030050304080500160400020070500400
000000500000030019000000000700020030600000000090701000320500060009010800570903100
400021000007050000200000000001000508000008001500004000005807004940102700003000190
080040009900003200003600057000004000000908072000060300200000000000759000300002040
084052000700000000100306000000000007430060010070030650020080000040007800006015000
401250080600000000052040000160090000083000000000300100040860005008015003000920008
001480300000310007000020000004000080308000200090006000900070001000060098002000400
050000640600470800000000000460020081000000700005091000070005900000940000020007106
090000000000007060000164007000000200009200010060018750004005000000870520100020000
020000870000080003073100900000005020010800000000300005000000089100006300056930007
006000102803000400901204503000002009509000800004100600000450000000000000000603204
007100060608200100400800070000000510060751090000000200000000080200060400005008000
301000600000006002000023000600780400703600010004001000400000170200000008000040305
000506007002974503900003008000000000420000905030602800095000600860000009000000000
040000600605021980020080000570008009002106000009000200000000100006000524700000006
000000060000302000200000130000003500003100027001070900300000801010700250009610000
000005023000090500000000100140080070520903008380001009800000037000050000000012900
007000040080509000500007000008704000006205074000001005610000000002090000004008100
000003000000000450000500100030004700400007830120308605800001260600040001340700000
005600040310000020400009610050700900002031400000020000000100500000470000090006000
200100069000000020050000007002018000000790001000000050005039010000080600109520038
080006000000400080067020000200053008905000000370000204002800709000000400030000006
200013070508620040000007506000005003831040000000000800003050007062000000000000600
040036080500900000302500400000009030000020015000050698000008021004000000903000000
600970002005001040010204003030402900007000000109000020000000000000036700050000000