060008050008700000241600700750000004300070100806420570002000000005100000400000060
002040000170098005050027089000001090000000038000000502700004003010000400290000007
000019420034200709000000000800005000902304107070000000000000570000000031000081902
900100800004000902800004076000206000039010080420008009206000000000000000070000160
080600000500003708201070040700400300060000010024006005350780000008020000000000000
000090064000000007000005903000010640050040000001006000105030090030920710402000300
000200070000080300000009065680000790309008020057060003020000610900000002000070900
084000700050700406700006000400203008000047030000960000960000000023500000507000200
000004000006900070090016400610007000040360000002001004270080900003100008000700001
204000007816700902000000000701000000380024070060000804000907030000060400030000001
240000007000000000009000208070980300080010000004503001000008702010304005002090040
000600900020007000000210804607920030010000000000043000900001003000070020083000000
940000027020100005106030090000904000000013000004075002000020008070000401000400060
005800032700003104000000870050000000392007000000904000003400020074005000020000080
008000700006009810007005096700060200100200300000080009000000950600502003800000000
000004082400900100000082500080000005300150800100003007950400000030000700001000030
090508007400006000002970000025809040069001002140600079000000000000000108010007000
004000000705000316010600007000000001600000800000053000130806074050100030006000009
004170308700800005003000090005001004009000000000400000050308100308009406000045000
600040315000600000800050000502000087040000620100026000730410000000030000400800003
980003040740000081300007000000000050000000820123000007000140900000209000810700000
740000000006000900080006003000900800900300604060800010000090100070480005400000006
000000080004000000030012540523400800008000000610000000700050400060008270001023006
041025008060700000700043000086200000000060000500100002200500304003010700057000000
000000000320000400049703600071054360500390000000000150002009700060030000900002000
070000004950030007310080002000000300000327059000090208000250003000008010500100900
000200458000970002600500010190800060000006200004090000705000080001080000000002000
000008060000000305780003090006400007005000900000060500207000008040790603300000000
079601802000907410300004900032100070100080020000000000098000000003006000010000600
008000500000004076500200400000007004049060250016000800274900000000005002080000700
010000400000000506908061027029000000104000000000200060006015009000040000207000600
000960001006000040007500600000090060069470000503008409004000908000300000010000500
000910002009025607000000130170000000008006000006100900052690700600500000800070000
400000000080600004000800600030700201000000005107502040005130002070008003040200080
105000092000300000000000560000000006007615208000000710056730021930002000000060000
410000090000901504025306100100680003300000002000000000600052400000000001083000005
010000000400089020700000080007400012000508096000710000020041800000002049000670000
026000001030200894980000300308000000009600007070800000000700620690000700000030010
030000206000180300200900000002000008900500600060300040390004005008050000650000001
000000078000309000020000300006000002000060400800000709001600020903070800002180903
010030000867201000003690020080070003000100000001000002000400900002900031008007004
720000080000809070600740509010900000052460100800001000190500002200000000040000805
300000002000060000791000380030000209000000064400610807003040000640080920278000000
713000000904000030008000002000800204032000090000000000607004001000907800001003070
500038000002900000000000957000821000010503600050000072060000003300060780009000000
009700600100809000004030000000076910000100800000000470060048700043507160008000000
000016000306090504009040060000000102401000000008000090500000000900064080602150049
000850000098002760000006000300510000000000900120009807005000000710290300000000010
001800420300240100050000037003706040710000080000000001800020000040000070006001000
901400003007061090000003000003000008800000640006740001000050900300000000060100800
000860700500700000090003000080400106003109500009000030050000000030006004406570000
007800009400000600609000000030000200000700400190080000008207104300000006000060728
003070050508060009040000100009100003450000000000007560000000000300900041710600005
940150070000000000000026100000000826780000905000000000510000609060004000002900000
000007900000000600000080020890500006000100000000003709903050001060200000071900302
000614000000070541000509000000020090008006000000700004802100005010008906056000070
000300100760000820300001790030040000000000008004067000079000001080032009000008000
000070300100000080000000200000009060040020008090080137000062004930040600002800700
000650000075090100900300400000000500361000800080000001000000000413080650700900003
008904002002000309100020800703600000960000100001090008000308240000000000040000000
030000000007000000400030005004002950050008007000300200806000000300900620000270308
472500000960000037850000000000397080000408000000050000000046093000800070000705600
004000000000380109096100004000005918010000000700000005360908500000000300579060000
784200000012408000000000000306050120050600000170000000000100240801003600000005000
000000008900800000500610009100908700000070005300061200037000000000090020010003050
200006015018000070007005000000000802900201600005093000000600007000100200300000000
000050070009100230010972000034800001900000800170000005080300500000701000000009000
800450000000008100000600200047091600000000050600807000000000040780005001009040000
000450100900080004080097320000020940000800000800001050000070000500000003702509000
800020000090000000040000300600000900004170006030400028000080010700601009010003040
091000200000004000480520000200050900068490000000800070000009800740200090020700500
014005006250780010080000007600004090000659000000008200000007000500000002001260400
010070030000020000200501640001600000480003000526040000002300000040260510650000003
000000207000050000060701005000090360500006000100203000001078900800160030090300000
090070040001003000406201700200006000609005000010400000005060102900010400020500307
300280010060000000802000000205016080030020500000508603043001000900000000500400008
000000790107800050043000000900000010058000004010007800004309000520008009000004280
034000000002000500000205000006807032000030040800006000001003070040000000705018200
000067800000105200070400000004000001760809000000020560600000700000501029040200000
000000800090004010000925000040030020260080000500009060000000400154300000080601000
000000009007300000008010000000001000050000803803005004405000070000604390090080106
019000040004000726000000000602000801000600000041089000000208000060000000805790600
015009470080500600900600000001900000006184000420000050008090000050706800700210000
000270400000100000000000060060418200008002070040060001507000090900800100100020700
002000500050100640000400030040600073900070010010000000000700000060049050005000009
000000001000001007000900030100040200005030000072506003020000400500090300710004020
070000000090000280025000000007001602000204500000059010200085100601000000050100400
000210009090006050071800000000000000009070800068000001000008060007040002410000005
310000000069000100504000000000000007120000300073040219001052604000090000040730502
003790000000004310002050094630140000900006000400930200009007130000000700000000050
000400070000060200390070004080206030000010700060003400000300000000847002430001900
004100600000000020002000900000009080965003000300000000003900006010380200650002004
800000090010027030030000000008009000000000000063470080009008003400900721006012009
302090140009500002650000000006000000520000004901005670063400000004367010000000000
092000000050000480008000302100090000000003520530000001070080009300007050000000800
804000009020004000501006020010509200008100000000000010406203080080000000300090506
000300090920000010000000700297001004000006000630005079379000000050000060460700021
080500070100000003040610008060100007000000480708030200600000000805006000004007050
000070000007008569040002000060140080000080205800007000004000000001005090000610002
236100500500030000080006900340900200000015030000004000019400000002000009600500001